Number of transactions in database = 1000
Average transaction length = 5
Number of items = 50000
Large Itemsets:
	Number of patterns = 500
	Average length of pattern = 3
	Correlation between consecutive patterns = 0.25
	Average confidence in a rule = 0.75
	Variation in the confidence = 0.1

Items:
553  6.01
571  5.17
592  6.77
709  5.33
1557  6.76
1664  6.68
1882  5.11
1971  5.63
2001  5.57
2021  5.49
2060  5.1
2095  5.09
2112  5.47
2227  7.75
2339  5.06
2445  5.44
2781  7.19
2964  5.25
3008  5.04
3186  6.61
3572  5.68
3669  5.94
3671  5.04
3730  5.01
3931  5.08
3934  7.03
4050  6.88
4297  5.32
4750  9.65
4909  5.01
4911  5.52
5148  5.76
5211  6.02
5682  7.15
5766  7.49
5793  5.11
5817  5.57
5832  5.36
6187  5.75
6438  5.33
6774  6
7222  7.94
7358  5.4
7378  5.04
7403  5.49
7558  5.06
7799  6.2
7847  5.8
7901  6.44
8011  5.01
8370  5.36
8851  6.28
8852  6.38
9464  5.25
9616  5.67
9723  6.46
9725  7.39
9800  5.72
9996  8.04
10174  5.19
10184  5.53
10259  5.16
10445  5.47
10819  5.74
10880  5.37
10966  5.51
11057  5.23
11089  5.51
11140  6.3
11193  6.94
11360  5.77
11373  6.48
11403  5.22
11441  5
11495  5.23
11632  6.49
12067  5.56
12309  5.34
12371  5.17
12669  5.17
12811  5.47
12963  7.61
13050  7.01
13178  6.12
13209  5.25
13324  5.7
14181  5.25
14399  6.72
14672  5.19
14920  6.23
15014  6.23
15424  5.25
15536  5.33
15628  6.02
15723  5.61
15832  5.23
15915  6.57
16097  5.16
16154  5.09
16336  5.56
16505  6.84
16514  5.74
16623  5.93
16672  6.85
17056  5.7
17468  8.72
17643  9.7
17698  6.68
17757  5.05
17910  5.71
18049  6.21
18182  6.78
18558  7.54
18778  7.6
18909  5.17
19245  6.33
19257  5.44
19391  5.04
19760  5.09
19818  6.83
20031  6.53
20066  5.52
20073  5.38
20306  7.09
20658  5.51
20695  7.23
20977  5.3
21231  5.6
21272  5.68
21380  5.18
21428  5.42
21429  7.6
21499  5.26
21639  6.85
22098  5.07
22134  5.69
22174  5.06
22432  7.14
22448  6.63
22558  5.71
22934  7.52
23023  5.65
23031  5.64
23126  6.32
23149  5.04
23258  5.38
23286  12.7
23462  6.05
23499  6.33
23718  5.96
23776  5.13
23786  6.15
23857  6.92
23976  5.69
24207  5.79
24327  5.61
24398  6.62
24869  5.45
24948  5.84
25072  7.4
25161  5.74
25561  5.76
25564  5.43
25626  5.13
25850  7.68
25975  6.96
26108  6.55
26254  5.08
26265  5.09
26291  5.77
26447  7.55
26602  5.14
26822  6.87
26965  5.15
27378  5.59
27406  7.62
27591  5.17
27633  5.33
27765  6.27
27795  5.01
28141  5.55
28275  5.41
28359  6.09
28363  5.13
28373  6.72
28564  5.67
28737  5.3
28815  5.19
28903  6.54
28957  5.13
28972  8.28
29071  5.9
29074  6.13
29343  5.86
29540  5.87
29932  5.34
30076  5.04
30226  5.57
30509  6.57
30945  5.52
31017  5.7
31112  5.74
31396  5.37
31792  5.06
31992  5.56
32160  5.27
32227  5.35
32458  5.75
32493  5.29
32869  5.2
32941  6.6
33053  5.2
33455  5.02
33639  5.61
33650  5.12
33742  5.51
34004  5.93
34140  6.21
34155  5.25
34347  5.03
34476  8.67
34816  7.12
34857  8.72
34922  5.07
35036  5.84
35057  5.9
35058  5.4
35127  5.36
35185  7.11
35299  5.72
35436  5.16
35504  7.46
35580  5.14
35616  5.42
35780  6.29
35873  5.22
36021  5.38
36336  7.14
36354  5.5
36486  5.72
36702  6.27
36720  6.55
36743  5.06
36858  5.77
36943  5.08
37131  6.77
37305  6.29
37405  6.69
37442  5.56
37456  5.14
37841  5.94
38073  5.29
38457  6.53
38490  5.03
38662  6.08
38668  5.28
39103  5.78
39194  5.53
39272  5.99
39359  5.83
39543  5.85
39544  5.94
39556  5.16
39584  7.83
39592  12.4
39603  6.26
39884  7.14
39919  5.01
40088  7.3
40126  5.49
40187  9.04
40241  5.58
40345  5.26
40354  6.24
40913  5.14
40993  6.54
41145  6.09
41908  5.83
41942  5.01
42347  5.6
42375  5.56
42381  6.68
42560  5.12
42579  6.69
42954  5.34
42982  7.35
42997  6.05
43305  5.83
43560  5.24
43578  5.28
43677  5.75
43838  5.4
43923  6.16
44102  5.13
44107  6.54
44248  5.09
44670  5.14
44740  5.43
44853  5.74
44866  5.96
45168  6.72
45292  8.99
45301  8.16
45392  6.51
45648  5.36
45780  6.94
45902  5.59
46309  5.77
46385  5.75
46464  5.88
46831  5.25
47111  5.11
47406  5.73
47765  5.53
48007  5.03
48038  6.07
48343  5.94
48424  7.78
48649  5.7
48651  7.31
48708  5.46
48856  5.64
49029  5.18
49168  5.06
49438  5.31
49520  6.29
49546  5.06
49569  6.59
49580  5.03
49936  6.69

ItemSets:
  1.27  0.629  25200
  1.18  0.628  47520 10350 22226
  3.37    0.8  48542 30938 44490
  1.04  0.874  26091 90 45979 11719
  1.13  0.895  38082 30122
  1.04  0.749  3221
  1.66  0.976  14672 32298 26300
  3.93  0.843  1747
   1.3  0.797  23803
  1.36  0.459  23803 19977 34046
  1.84  0.659  43955
  1.11  0.725  44994 16418 18221 21112
  2.69    0.7  44994
  1.47  0.783  10886 38290 13340 10889 34426
   1.8  0.678  23033 37870 5670
  1.65  0.742  45388 780 45120
  1.12  0.497  34799 24743
  1.29   0.59  22423 28512 16498
  1.81  0.585  42316 33431 20818
  1.34  0.713  15494 25771 2051 1551 37442 94 13518
  1.14  0.659  19326 31618
  2.67  0.704  38742 38979 18726 49420 43005
  1.84  0.693  38742 47945 34103 39423 38863 24642
  2.76   0.68  49588 17757 31489 32712
  1.51  0.631  24293 10060 23782 34651 6551 47484
  1.18   0.83  29608 1685 13126 42286 33510
   4.6  0.636  49519 35437 36021 46041
  1.17  0.843  23178 37275
  1.45  0.697  1187 40247
  1.12  0.824  15734 43536 31439
  4.33  0.741  41713 39340 17373
  1.56   0.96  43062 31967
  1.38  0.695  5518 22479 23807 33814
   1.1   0.77  19074 10299 33908
  1.95  0.676  39762 33478 11026 44535
  1.25  0.782  23717 36883 37876 9067
  2.56  0.552  1216 36367 17733 3488
  1.21  0.788  12272 46305
  2.39  0.721  25962 46960
  1.27  0.712  46960 24448
  1.17  0.578  24448 49271 46393
  2.49   0.63  46393 41828
  1.61  0.814  43236 26736 22967 48607
  2.92  0.651  10817 32252 39461
  1.44  0.675  9430 11600
  1.08  0.869  21984 30173 31549 40390
  2.86  0.735  13290 10633
  1.74  0.791  13671 34196
  2.43  0.769  34196 36408
  2.88  0.835  6686 48933
  1.49  0.822  35057 12621 8669 7539 28473
  1.21  0.827  7281
  1.52  0.788  6131 12564
  2.36  0.655  13325
  2.53  0.767  20832 4363
  1.14  0.691  47436 31070 38777 7565 15080 11275
  1.83  0.831  36499
  2.08  0.705  3249 36381 3628 41806 22469
  1.23  0.713  42910 22848 43311
  3.09  0.761  22848 35768 8169 12905
  1.06  0.555  34040 40430 2091 4589
  1.91  0.733  41649 23787 7669
  1.04  0.889  41649 25382 35012
  2.07  0.695  20695 5027 10000
  1.63  0.832  40163 16428 32950
  1.67  0.618  39926 28815 2790 30128 12812
  4.57  0.593  28815 4357 8021
  1.72   0.69  28815 42304 33436
  1.17  0.564  21224 4917
  1.51  0.755  8277 33206
  1.92  0.644  49128 18589 3032 41617 2053
   1.1   0.97  14853 32939 36253 22885 20067
  2.52  0.686  7257 1275 25702 39847
  2.07  0.723  39847 8695
  1.28  0.783  24756 27415 4468 37716
  1.05  0.837  12757 3554
  1.05  0.595  23268
  1.13  0.825  22987 19504 15404 26890
  3.81  0.588  36372 11362 12166
  2.37  0.791  2573 49966
   4.2  0.639  2573 39181 17711 46924 49182
  1.05  0.721  2573 18775 2382 32367 39733
  3.82  0.771  38594
   1.1      1  38594 25870 24627 44550 2360 36765
  5.34  0.582  38594 11039 44247
  2.08  0.725  3755 43329
  1.68  0.605  46123 30076 26873 17822 8589
  1.14  0.715  31874 48752
  1.19  0.831  31874 48752 1220 8680
  1.04    0.7  48752 42735
  1.29  0.717  48752 42735 40488
  1.89  0.702  30104 12702 15938 45515 39545 30205 4848 42982
   1.3  0.765  42918 38841 40003
  2.67  0.647  38489 42424 18474
  1.99  0.715  42424 42341 8614 5991
  3.17  0.826  42424 5991 39300 36601 49447 26252
  2.89  0.646  23311 39517 48749
  2.22  0.883  28591 21998 47664 4589
     1  0.948  16198 32583 40601 47885
  1.44  0.828  22644 5339
  1.73   0.92  5770 26524
  1.58   0.74  37080 12819
   2.9  0.706  18184 15916
  1.04  0.666  3180 49619 30947 16587
  2.38  0.536  31631 47692 26933
  1.66  0.686  6583 16669 1755 9748
  2.87  0.956  39149 27218
  1.01  0.868  27218 33713 45724
  1.37  0.972  32262 653 11135 12673 35604 9589
  1.04  0.774  17053 35660
  1.49  0.791  23314 1253 30404
  1.34   0.73  31196
  1.36  0.835  31196 6632
  1.09  0.868  6632 29777 23774 32459 1314
  2.16  0.788  29777 14467 39592 7951
  1.03  0.726  7951 40299 46470
  2.15  0.741  7951 40299 46470 46354
  1.05  0.716  39808 13066
  4.67  0.792  22580 25561 32097 7016
  2.71  0.745  22580 44309 23064
  1.26  0.824  23064 17849 37732
  2.03  0.649  49690 49757 26965 10419
  2.02  0.582  17281 45636 9927 16181 37494
  1.33  0.693  18594 26078
  1.31  0.684  1072 32371
  1.19  0.741  24931 15624
  2.01  0.923  12448 37539
  1.13  0.747  3838 30890 19868 20068 46925
  1.23  0.689  3415 19229 20843
  1.97  0.664  46983 375
  2.08  0.776  40319 42085 18900
  4.75  0.899  42085 38724 11820 15706
  3.65  0.823  40696 1849 18344 48945 46188
  1.09  0.664  49821 37777
  2.78  0.636  49821
  1.94   0.65  49821 38456 41335 36526 44862
   1.4  0.703  19449
   2.7  0.637  19449 24342 26129 46996
  2.99   0.71  19449 46996
  1.62  0.678  35212 4909 49791 28815 34064
  2.64  0.785  15915
  1.17   0.75  15915 9299 35104 2912
  1.39  0.806  23105 48556 38698
  5.38  0.708  48556 48071 31889
  1.25  0.734  6212 15307 32484
  1.23  0.811  15307 32484
  3.82  0.583  14460 4308 38196
  1.55  0.637  47146 41706 37875
  2.33  0.683  35335 45450
  1.14  0.773  18875 41099 39399
  1.28  0.669  39399 23661 21989 49301
  2.43  0.612  11997
  1.02  0.795  23507 26081 33446
  1.85   0.66  30908 35155 21595 38694 1930
  1.16  0.984  15876 44768 40187 44135
  3.41    0.5  15486 38054 22461 26064 47847
  1.21   0.65  26088 14700 28194
  1.11  0.668  3880 37157
  1.78  0.728  3880 42492 35449
  1.66  0.751  35829 43479
  1.18  0.814  45142 15351 44886
  3.06  0.905  41552 30804
  1.57  0.739  16502 26096
  3.78  0.751  15349 42763 49366
  1.05  0.697  21463
  4.48  0.664  21463 6609 16696 36069
   2.1  0.754  27973
  3.52  0.781  34706 28868
  1.01  0.898  49546 38004 10038 27384
   1.2  0.615  43036 27373
  1.27  0.753  24867 10242 44466
  1.39  0.756  18110
  2.38  0.875  47486 32743 29423
  1.29   0.73  47486 29423 16455 29973 24358 37977
  1.31  0.692  7616
   3.1  0.699  49837 23434
  1.62  0.896  22185 37163 12684 5486 4558 19081 48307
  2.31  0.805  4558 22537
  1.82  0.639  10004 19707
  1.07   0.74  16360 27525 30424
  3.15  0.707  16360 18248
  1.67  0.883  43308 22159 40239 6048 11359
  2.64  0.813  4375 25389 21380 19779 45954
  1.73  0.821  31639 44517
  1.27  0.764  6266 1256 3855 9701 24794
  1.58   0.87  1256 23258 17766
  1.06  0.679  1256
  3.19  0.877  42161 19469
  2.49  0.507  14642 22948
   1.2  0.867  628 29060 21345
  1.13  0.746  11955 35764 5750

